( -1,  -1) ( -1,  -1) ( -1,  -1) ( -1,  -1) ( -1,  -1) ( -1,  -1) ( -1,  -1) ( -1,  -1) ( -1,  -1) ( -1,  -1) ( -1,  -1) ( -1,  -1) ( -1,  -1) ( -1,  -1) ( -1,  -1) ( -1,  -1) (  0,  17) (  0,  18) (  0,  19) (  0,  20) (  0,  21) (  0,  22) (  0,  23) (  0,  24) (  0,  25) (  0,  26) (  0,  27) (  0,  28) (  0,  29) (  0,  30) (  0,  31) (  0,  32) (  1,  32) (  1,  33) (  1,  34) (  1,  35) (  1,  36) (  1,  37) (  1,  38) (  0,  38) (  0,  39) ( -1,  -1) 
( -1,  -1) ( -1,  -1) ( -1,  -1) ( -1,  -1) ( -1,  -1) ( -1,  -1) ( -1,  -1) ( -1,  -1) ( -1,  -1) ( -1,  -1) ( -1,  -1) ( -1,  -1) ( -1,  -1) ( -1,  -1) ( -1,  -1) ( -1,  -1) ( -1,  -1) ( -1,  -1) ( -1,  -1) ( -1,  -1) ( -1,  -1) ( -1,  -1) ( -1,  -1) ( -1,  -1) ( -1,  -1) ( -1,  -1) ( -1,  -1) ( -1,  -1) ( -1,  -1) ( -1,  -1) ( -1,  -1) ( -1,  -1) (  0,  32) (  1,  34) (  1,  35) (  2,  35) (  1,  35) (  1,  36) (  1,  37) ( -1,  -1) (  0,  40) ( -1,  -1) 
( -1,  -1) ( -1,  -1) ( -1,  -1) ( -1,  -1) ( -1,  -1) ( -1,  -1) ( -1,  -1) ( -1,  -1) ( -1,  -1) ( -1,  -1) ( -1,  -1) ( -1,  -1) ( -1,  -1) ( -1,  -1) ( -1,  -1) ( -1,  -1) ( -1,  -1) ( -1,  -1) ( -1,  -1) ( -1,  -1) ( -1,  -1) ( -1,  -1) ( -1,  -1) ( -1,  -1) ( -1,  -1) ( -1,  -1) ( -1,  -1) ( -1,  -1) ( -1,  -1) ( -1,  -1) ( -1,  -1) ( -1,  -1) ( -1,  -1) ( -1,  -1) ( -1,  -1) ( -1,  -1) ( -1,  -1) ( -1,  -1) ( -1,  -1) ( -1,  -1) (  1,  40) ( -1,  -1) 
( -1,  -1) ( -1,  -1) ( -1,  -1) ( -1,  -1) ( -1,  -1) ( -1,  -1) ( -1,  -1) ( -1,  -1) ( -1,  -1) ( -1,  -1) ( -1,  -1) ( -1,  -1) ( -1,  -1) ( -1,  -1) ( -1,  -1) ( -1,  -1) ( -1,  -1) ( -1,  -1) ( -1,  -1) ( -1,  -1) ( -1,  -1) ( -1,  -1) (  4,  22) ( -1,  -1) ( -1,  -1) ( -1,  -1) ( -1,  -1) ( -1,  -1) ( -1,  -1) ( -1,  -1) ( -1,  -1) ( -1,  -1) (  3,  33) (  3,  34) (  3,  35) (  2,  35) (  3,  35) (  3,  36) (  3,  37) ( -1,  -1) (  2,  40) ( -1,  -1) 
( -1,  -1) ( -1,  -1) ( -1,  -1) ( -1,  -1) ( -1,  -1) ( -1,  -1) ( -1,  -1) ( -1,  -1) ( -1,  -1) ( -1,  -1) ( -1,  -1) ( -1,  -1) ( -1,  -1) ( -1,  -1) ( -1,  -1) ( -1,  -1) ( -1,  -1) ( -1,  -1) ( -1,  -1) ( -1,  -1) ( -1,  -1) ( -1,  -1) (  5,  22) (  5,  23) (  5,  24) ( -1,  -1) ( -1,  -1) ( -1,  -1) ( -1,  -1) ( -1,  -1) ( -1,  -1) ( -1,  -1) ( -1,  -1) ( -1,  -1) ( -1,  -1) ( -1,  -1) ( -1,  -1) (  3,  37) (  4,  37) ( -1,  -1) (  3,  40) ( -1,  -1) 
( -1,  -1) ( -1,  -1) ( -1,  -1) ( -1,  -1) ( -1,  -1) ( -1,  -1) ( -1,  -1) ( -1,  -1) ( -1,  -1) ( -1,  -1) ( -1,  -1) ( -1,  -1) ( -1,  -1) ( -1,  -1) ( -1,  -1) ( -1,  -1) ( -1,  -1) ( -1,  -1) ( -1,  -1) ( -1,  -1) ( -1,  -1) ( -1,  -1) (  4,  22) (  5,  24) (  5,  25) (  6,  25) (  6,  26) (  5,  26) ( -1,  -1) ( -1,  -1) ( -1,  -1) ( -1,  -1) (  5,  33) (  5,  34) (  5,  35) (  5,  36) (  5,  37) (  4,  37) (  5,  37) ( -1,  -1) (  4,  40) ( -1,  -1) 
( -1,  -1) ( -1,  -1) ( -1,  -1) ( -1,  -1) ( -1,  -1) ( -1,  -1) ( -1,  -1) ( -1,  -1) ( -1,  -1) ( -1,  -1) ( -1,  -1) ( -1,  -1) ( -1,  -1) ( -1,  -1) ( -1,  -1) ( -1,  -1) ( -1,  -1) ( -1,  -1) ( -1,  -1) ( -1,  -1) ( -1,  -1) ( -1,  -1) ( -1,  -1) ( -1,  -1) ( -1,  -1) (  7,  25) (  7,  26) ( -1,  -1) ( -1,  -1) ( -1,  -1) ( -1,  -1) ( -1,  -1) ( -1,  -1) ( -1,  -1) ( -1,  -1) ( -1,  -1) (  5,  36) (  5,  37) (  6,  37) ( -1,  -1) (  5,  40) ( -1,  -1) 
( -1,  -1) ( -1,  -1) ( -1,  -1) ( -1,  -1) ( -1,  -1) ( -1,  -1) ( -1,  -1) ( -1,  -1) ( -1,  -1) ( -1,  -1) ( -1,  -1) ( -1,  -1) ( -1,  -1) ( -1,  -1) ( -1,  -1) ( -1,  -1) ( -1,  -1) ( -1,  -1) ( -1,  -1) ( -1,  -1) (  8,  20) ( -1,  -1) (  8,  22) (  8,  23) (  8,  24) (  8,  25) (  8,  26) ( -1,  -1) ( -1,  -1) ( -1,  -1) ( -1,  -1) ( -1,  -1) ( -1,  -1) ( -1,  -1) ( -1,  -1) ( -1,  -1) ( -1,  -1) ( -1,  -1) ( -1,  -1) ( -1,  -1) (  6,  40) ( -1,  -1) 
( -1,  -1) ( -1,  -1) ( -1,  -1) ( -1,  -1) ( -1,  -1) ( -1,  -1) ( -1,  -1) ( -1,  -1) ( -1,  -1) ( -1,  -1) ( -1,  -1) ( -1,  -1) ( -1,  -1) ( -1,  -1) ( -1,  -1) ( -1,  -1) ( -1,  -1) ( -1,  -1) ( -1,  -1) ( -1,  -1) (  9,  20) ( -1,  -1) (  9,  22) (  9,  23) (  9,  24) (  9,  25) (  9,  26) (  9,  27) ( -1,  -1) (  9,  29) (  9,  30) ( -1,  -1) ( -1,  -1) ( -1,  -1) ( -1,  -1) ( -1,  -1) ( -1,  -1) ( -1,  -1) ( -1,  -1) ( -1,  -1) (  7,  40) ( -1,  -1) 
( -1,  -1) ( -1,  -1) ( -1,  -1) ( -1,  -1) ( -1,  -1) ( -1,  -1) ( -1,  -1) ( -1,  -1) ( -1,  -1) ( -1,  -1) ( -1,  -1) ( -1,  -1) ( -1,  -1) ( -1,  -1) ( -1,  -1) ( -1,  -1) ( -1,  -1) ( -1,  -1) ( -1,  -1) ( -1,  -1) ( 10,  20) ( -1,  -1) ( 10,  22) (  9,  24) ( 10,  24) ( 10,  25) ( 10,  26) ( 10,  27) ( -1,  -1) ( 10,  29) ( 10,  30) ( -1,  -1) ( -1,  -1) ( -1,  -1) ( -1,  -1) ( -1,  -1) ( -1,  -1) ( -1,  -1) ( -1,  -1) ( -1,  -1) (  8,  40) ( -1,  -1) 
( -1,  -1) ( -1,  -1) ( -1,  -1) ( -1,  -1) ( -1,  -1) ( -1,  -1) ( -1,  -1) ( -1,  -1) ( -1,  -1) ( -1,  -1) ( 11,  10) ( 11,  11) ( 11,  12) ( 11,  13) ( -1,  -1) ( 11,  15) ( 11,  16) ( 11,  17) ( 11,  18) ( -1,  -1) ( 11,  20) ( -1,  -1) (  9,  22) ( -1,  -1) ( 11,  24) ( 10,  24) ( 10,  25) ( 10,  26) ( 10,  27) ( 10,  28) ( 10,  29) ( -1,  -1) ( -1,  -1) ( -1,  -1) ( -1,  -1) ( -1,  -1) ( -1,  -1) ( -1,  -1) ( -1,  -1) ( -1,  -1) (  9,  40) ( -1,  -1) 
( -1,  -1) ( -1,  -1) ( -1,  -1) ( -1,  -1) ( -1,  -1) ( -1,  -1) ( -1,  -1) ( -1,  -1) ( -1,  -1) ( -1,  -1) ( 12,  10) ( 12,  11) ( 12,  12) ( 12,  13) ( -1,  -1) ( 12,  15) ( 12,  16) ( 12,  17) ( 12,  18) ( 12,  19) ( 12,  20) ( -1,  -1) ( 10,  22) ( -1,  -1) ( 12,  24) ( -1,  -1) ( -1,  -1) ( -1,  -1) ( -1,  -1) ( -1,  -1) ( -1,  -1) ( -1,  -1) ( -1,  -1) ( -1,  -1) ( -1,  -1) ( -1,  -1) ( -1,  -1) ( -1,  -1) ( -1,  -1) ( -1,  -1) ( 10,  40) ( -1,  -1) 
( -1,  -1) ( -1,  -1) ( -1,  -1) ( -1,  -1) ( -1,  -1) ( -1,  -1) ( -1,  -1) ( -1,  -1) ( 13,   8) ( -1,  -1) ( 13,  10) ( 13,  11) ( 13,  12) ( 12,  12) ( -1,  -1) ( 11,  15) ( 12,  17) ( 12,  18) ( 12,  19) ( 12,  20) ( 12,  21) ( 12,  22) ( 11,  22) ( -1,  -1) ( 13,  24) ( 13,  25) ( 13,  26) ( 13,  27) ( 13,  28) ( 13,  29) ( 13,  30) ( 13,  31) ( 13,  32) ( 13,  33) ( 13,  34) ( -1,  -1) ( 13,  36) ( 13,  37) ( 13,  38) ( -1,  -1) ( 11,  40) ( -1,  -1) 
( -1,  -1) ( -1,  -1) ( -1,  -1) ( -1,  -1) ( -1,  -1) ( -1,  -1) ( -1,  -1) ( 14,   7) ( 14,   8) ( -1,  -1) ( 14,  10) ( 14,  11) ( 14,  12) ( -1,  -1) ( -1,  -1) ( -1,  -1) ( -1,  -1) ( -1,  -1) ( -1,  -1) ( -1,  -1) ( -1,  -1) ( 12,  21) ( 12,  22) ( -1,  -1) ( 14,  24) ( 14,  25) ( 14,  26) ( 14,  27) ( 14,  28) ( 14,  29) ( 14,  30) ( 14,  31) ( 14,  32) ( 14,  33) ( 14,  34) ( -1,  -1) ( 14,  36) ( 14,  37) ( 14,  38) ( -1,  -1) ( 12,  40) ( -1,  -1) 
( -1,  -1) ( -1,  -1) ( -1,  -1) ( -1,  -1) ( -1,  -1) ( -1,  -1) ( 14,   7) ( 14,   8) ( 14,   9) ( 14,  10) ( 14,  11) ( 14,  12) ( 14,  13) ( 14,  14) ( 14,  15) ( 14,  16) ( 14,  17) ( 14,  18) ( 14,  19) ( 14,  20) ( 14,  21) ( 13,  21) ( 13,  22) ( -1,  -1) ( 15,  24) ( 15,  25) ( 15,  26) ( 15,  27) ( 15,  28) ( 15,  29) ( 15,  30) ( 15,  31) ( 15,  32) ( 15,  33) ( 15,  34) ( 15,  35) ( 15,  36) ( 15,  37) ( 15,  38) ( -1,  -1) ( 13,  40) ( -1,  -1) 
( -1,  -1) ( -1,  -1) ( -1,  -1) ( -1,  -1) ( -1,  -1) ( -1,  -1) ( 15,   7) ( 14,   7) ( 14,   8) ( 14,   9) ( 14,  10) ( 14,  11) ( 14,  12) ( 14,  13) ( 14,  14) ( 14,  15) ( 14,  16) ( 14,  17) ( 14,  18) ( -1,  -1) ( -1,  -1) ( -1,  -1) ( 14,  22) ( -1,  -1) ( 16,  24) ( 15,  26) ( 15,  27) ( 15,  28) ( 15,  29) ( 15,  30) ( 15,  31) ( 15,  32) ( 15,  33) ( 15,  34) ( 15,  35) ( 15,  36) ( 15,  37) ( 15,  38) ( 15,  39) ( 15,  40) ( 14,  40) ( -1,  -1) 
( -1,  -1) ( -1,  -1) ( -1,  -1) ( -1,  -1) ( -1,  -1) ( -1,  -1) ( -1,  -1) ( -1,  -1) ( -1,  -1) ( -1,  -1) ( -1,  -1) ( -1,  -1) ( -1,  -1) ( -1,  -1) ( -1,  -1) ( -1,  -1) ( -1,  -1) ( -1,  -1) ( -1,  -1) ( -1,  -1) ( -1,  -1) ( -1,  -1) ( -1,  -1) ( -1,  -1) ( 15,  24) ( 15,  25) ( 15,  26) ( 15,  27) ( 15,  28) ( 15,  29) ( 15,  30) ( 15,  31) ( 15,  32) ( 15,  33) ( 15,  34) ( 15,  35) ( 15,  36) ( 15,  37) ( 15,  38) ( 15,  39) ( -1,  -1) ( -1,  -1) 
